39403.6455
6892.504
397.34065398
3429130189.41398
147894.143980
134l.09
14984.18948
127857493.134980
134797435.138954
1437.1237
6908413.413
24769.4068372
8694728.604893
59.40837385
139573930285.392
138594.01
4986908.43273
378432.41
5733.5083
3039.0483
493819.3219
1398.12389
706.95
345234.1132
5.435
645.35
.534543
.143
1.321
654.654
.29854
.00000123
.234986
134975.189
23.53927
6958.4948
49860.20857
549.35
239860.5802
4906489.238432
423981.3193
1239.59806
09785.5235
352765.25398
.6564
000..32
65
734
2347.2039
20795.1329860370
